.Random.seed <-
c(403L, 100L, 15463241L, -973658544L, 689913271L, -58422880L, 
854616383L, -2002995L, -1136826662L, -474779114L, -1496252249L, 
-2016453333L, -709152054L, -1209199333L, 856332870L, -1802775762L, 
-1642551632L, -2112706728L, -888960947L, -1679951036L, -45516797L, 
-1018462908L, 1229856304L, -1603921175L, -1335317877L, -1252317918L, 
-386269671L, 1919315542L, 803366116L, -958271405L, 1462050158L, 
587987227L, 2011757276L, 728481919L, 1384472069L, -1798832054L, 
939736962L, 516307714L, 2113178556L, -1360838637L, -22952655L, 
-836497416L, 2068723683L, 769148287L, 574020724L, -1018375665L, 
-2025255889L, 1850977535L, -2113003615L, 1167317730L, -822850796L, 
439862364L, 425696639L, -683410884L, 627038683L, 1949805465L, 
-875678605L, -1172532480L, 2042868585L, -1217292640L, -1333195379L, 
900074056L, 1504932306L, -536386868L, 61444117L, -961928957L, 
-237239767L, -1972378244L, 152664597L, -724579443L, -553651764L, 
1644177962L, 900565761L, 1156388753L, -1222609282L, 459034841L, 
-1613146375L, -1300486059L, -1130213599L, 837064547L, -1197305402L, 
-348454297L, -2146005320L, 1351872052L, 404549879L, -1260690244L, 
-1296015364L, -1704966752L, -1145048011L, -338605357L, -790044321L, 
-862267838L, 1073504804L, -1395480409L, -792506888L, 536878235L, 
43163974L, -1889034150L, -1990764871L, -47332238L, -2036674153L, 
-477691719L, 1975436285L, -279728817L, 1815048979L, -554942366L, 
-320209709L, -329472833L, -1235480034L, 2060957510L, -844871758L, 
2101108414L, 286241972L, 392497854L, 1978162484L, 1162576247L, 
418201025L, 1979278772L, -199151522L, -1972761646L, 588633006L, 
-1359403116L, 2145541296L, 1858207105L, -10948156L, -1713668111L, 
-1790122309L, 1189044519L, -1599954417L, 1801201815L, 1481373454L, 
2127938504L, -1309609979L, -1469465355L, -1879997111L, 1298335430L, 
-1154161261L, -2091849162L, 1461014932L, -1100883011L, -1727178520L, 
-1802359398L, -1293337752L, 711051472L, 1767155962L, -220713024L, 
-1516763613L, 1622322724L, 528191823L, -818674065L, 785833459L, 
-1385182134L, 1815295512L, 1544482379L, -1297479749L, -1382152616L, 
-1964224509L, -2134628393L, 193529606L, 1657224539L, 26661008L, 
-304493604L, 740042047L, 1486341819L, -2049533287L, -1008922386L, 
968479011L, 507877248L, 920769994L, 401903116L, 1693847192L, 
835696676L, -380631830L, -1005737476L, 1292496660L, 1191385153L, 
1557829356L, -1034858396L, 806238142L, -1393249191L, -1952001043L, 
-844364734L, 396814225L, -551213114L, 700506248L, -756447523L, 
-2019502954L, -801068907L, 2076851971L, 1108997881L, 1424302555L, 
489187700L, -968915909L, 1506346390L, 2091762035L, 349044612L, 
-1410367741L, 1913428002L, -1815853429L, 1194493864L, -1251244334L, 
1653062485L, 929254079L, -1768598179L, -961562326L, 37514208L, 
1750403402L, -1093345097L, 811261500L, 1572103133L, -756007492L, 
-341897444L, 990514677L, -1120449842L, 1393521843L, 1377087323L, 
2106941551L, 123002370L, -279159169L, -1287118233L, 648607018L, 
-1461064562L, 1778114446L, -1430002891L, 362757988L, -449935953L, 
-553966971L, -1560938985L, -608023526L, 32136118L, 2079404793L, 
17822534L, 1325974556L, 2063772101L, 1382551662L, -547730879L, 
-1216477516L, 379463613L, -1574556201L, -1194760461L, 2100377614L, 
-423118764L, 1487695067L, -1812148217L, 1534204850L, -2051925773L, 
1552577466L, -966194351L, 1447068623L, 505543232L, -1972550635L, 
434106185L, 1860262015L, -1390036830L, -1431959458L, -1848521810L, 
-2078559867L, -190233121L, -584890456L, -2126686827L, 1438198850L, 
1131108266L, -1409517236L, 2099828972L, 392336685L, 1596381497L, 
-1311995711L, 1310928277L, 255575475L, -1295163316L, -646399601L, 
282914424L, 1817401371L, 1764314236L, 616835139L, -1961120923L, 
-1575507645L, -1635308922L, -821376410L, 719021718L, -1989034428L, 
-475635866L, -1500483567L, 1154719806L, -792251740L, 271132811L, 
911223324L, -2045808460L, 2141822142L, -1486419285L, 1075091239L, 
1621514819L, -32656996L, -1766774273L, -969578505L, -1051292073L, 
-1507574842L, 754651871L, 1721021564L, -1509443171L, -1799916064L, 
183701908L, 376858349L, 503460892L, -1847442897L, 756215171L, 
-647889604L, -1862593358L, -1972073165L, 28943594L, 774799412L, 
1592835804L, 467777046L, 225370130L, -626238496L, -1197934730L, 
-1847001001L, -1588902280L, 1990317870L, -292632934L, -1097212761L, 
-1331542116L, -1535395856L, 1344024202L, 1966960857L, -1503046088L, 
-340143592L, 794217595L, -1134291863L, -2008068011L, -1091995607L, 
229195253L, 1846476149L, -746040869L, -939664646L, -1935181551L, 
732274899L, 882142985L, -1855010162L, -1587942631L, -251874379L, 
-1401842574L, 1647552541L, -140872435L, 2098348352L, -434414770L, 
1050602604L, -1402865236L, -228248838L, 685362966L, -743694378L, 
2035674810L, 912881758L, -739231965L, 47098110L, 104295613L, 
-971800856L, -640798024L, -692103658L, 1659122907L, 974887374L, 
265331390L, -125047174L, -1986277863L, 772383594L, -1661188618L, 
-1288962475L, -1073129602L, -198651349L, 1074918758L, -899991603L, 
-235558143L, -710062774L, -1074388664L, -2099850208L, 2085293272L, 
75097628L, 1075654650L, 686576559L, 1512485875L, -1870533043L, 
362221110L, 558772228L, -54180061L, -679898236L, -1990828506L, 
119132553L, -447172190L, 1520119139L, -225767633L, -928549175L, 
1275761817L, 289302309L, -1979412118L, -231576860L, -80983154L, 
-992978205L, -1116830139L, 1436485656L, 1597146301L, 795422672L, 
910874174L, 45518761L, 161131877L, 1041038044L, -1725930707L, 
138062446L, 1452712999L, -1186258848L, -2104704588L, -590448963L, 
-684180676L, -220492501L, 1838926087L, 941017026L, -1155742077L, 
583872314L, -1616808949L, 1038622216L, 2007771054L, -1767906194L, 
-1115945932L, 1675965032L, -1923473859L, -561543197L, 1722245840L, 
594612952L, -1811723375L, -1607269624L, -354126932L, 628065761L, 
1955591685L, 755034568L, -740072452L, 1756362780L, -1002344290L, 
-503281415L, -1414299181L, 1079197214L, 930517466L, -1359506916L, 
-22971149L, -4263152L, -1470715268L, 1053795957L, -418380737L, 
-1211664725L, 1498213857L, -1369712294L, 839685905L, 694075338L, 
-1168711917L, 1833288687L, -1679964900L, 1326605952L, 490585894L, 
-1097237542L, -1240281221L, -389938453L, -718019647L, -1541476492L, 
-1563790913L, -2063173103L, -1812262730L, 276052037L, -1720065183L, 
2100560072L, -649313716L, -329222204L, -974348852L, -2018345954L, 
913719102L, -971147244L, 407458067L, 757403315L, 1687655726L, 
1437681427L, 370818208L, -653896635L, -1970841593L, -261193459L, 
1266806049L, 1766733457L, -200858539L, 940320542L, -1330841081L, 
1721884595L, 1161906608L, 916723265L, 602227985L, -658101616L, 
-160700821L, -1737254812L, 1809523586L, -718675636L, 1804238232L, 
-2120875537L, 1078345427L, 1610548160L, 1620863253L, 697929383L, 
-1381477466L, -846125467L, 668502567L, 1851763285L, -1543235494L, 
-488233749L, 868955110L, -66490471L, 203901010L, -1243293360L, 
18622379L, -616788495L, 1274683629L, -47116163L, 325156417L, 
-691806958L, -1713964634L, 352789693L, 1197460024L, 1624061895L, 
-150771134L, -678355768L, -848563915L, -94943802L, -1121637333L, 
-424856396L, -1222508908L, -192835814L, -1805944054L, 2002182698L, 
733433927L, 772637385L, 787853816L, -1901258733L, 1590670127L, 
-1840845302L, -1931267456L, -852875170L, 1221506367L, -216154989L, 
614045963L, -1226385749L, 1172696212L, 1898379776L, -1077008503L, 
-843466965L, 579635L, 707995984L, 945877329L, -1872203606L, -1732963894L, 
1652267319L, 1890551732L, -591505370L, 1521783559L, 871033152L, 
-795820523L, -979808716L, 1507938807L, 6402428L, -1918399865L, 
2064293616L, -1938398952L, 997096126L, -1096935475L, 1823728490L, 
791933937L, 780062780L, 912635304L, 9846169L, 711162030L, -279962165L, 
1181150015L, -502644839L, -617040784L, 1355133657L, -730536059L, 
343072668L, 1429881095L, -1706633932L, 1751993359L, -956844111L, 
10990313L, 983668746L, 1019226375L, 50529008L, 217122203L, 569349256L, 
-1685124764L, -2023846145L, -416201649L, -411874092L, 1934521701L, 
